rot:
  max: 47.49437329050719
  mean: 13.45116004116244
  median: 13.896239864888436
  min: 5.796323563267186
  num_samples: 1102
  rmse: 14.674160027144302
  std: 5.864918247450211
scale:
  max: 37.54860628137078
  mean: 2.7271496812964457
  median: 2.2769840005548767
  min: 0.0003301526712573555
  num_samples: 1102
  rmse: 4.631430700501438
  std: 3.7433681290185628
trans:
  max: 0.3534183287390514
  mean: 0.04246057753677508
  median: 0.03654415525268884
  min: 0.0007004394970892929
  num_samples: 1102
  rmse: 0.06015101836301096
  std: 0.042605684660040305
