rot:
  max: 12.009349840060421
  mean: 6.138491976790734
  median: 6.134145491853946
  min: 3.1049368715732615
  num_samples: 1175
  rmse: 6.179569160780863
  std: 0.7113306289972924
scale:
  max: 5.158019329641506
  mean: 0.26188382899216767
  median: 0.2139605923918042
  min: 8.82345395414319e-05
  num_samples: 1175
  rmse: 0.3527178245100425
  std: 0.23627679496619688
trans:
  max: 0.06528711110435226
  mean: 0.008856997914923852
  median: 0.008547281729814862
  min: 0.000647040252622527
  num_samples: 1175
  rmse: 0.009786889680506531
  std: 0.004163748017524566
