rot:
  max: 18.51316632624569
  mean: 6.458071514884247
  median: 6.433062214858469
  min: 3.015051430121413
  num_samples: 1122
  rmse: 6.533875536177633
  std: 0.9923919744240403
scale:
  max: 3.653287709062125
  mean: 0.25608078439629894
  median: 0.20734035256780303
  min: 5.930960534916707e-05
  num_samples: 1122
  rmse: 0.35951216996397795
  std: 0.2523323843964236
trans:
  max: 0.062156924403751
  mean: 0.011182864283392584
  median: 0.01076474595565741
  min: 0.0006811919505523704
  num_samples: 1122
  rmse: 0.012371096568942547
  std: 0.005290328603907757
