rot:
  max: 169.88178830534275
  mean: 115.73876136409118
  median: 115.48286358743859
  min: 72.97850080210983
  num_samples: 1153
  rmse: 118.43007738447835
  std: 25.104229667517902
scale:
  max: 9.865276993208848
  mean: 4.164267025344346
  median: 3.4444273258730007
  min: 0.0019067121236338025
  num_samples: 1153
  rmse: 5.101106357523214
  std: 2.9462121804774215
trans:
  max: 0.3183812218537178
  mean: 0.12346787105773284
  median: 0.12325439574331547
  min: 0.024896618544128744
  num_samples: 1153
  rmse: 0.13936283832295265
  std: 0.06463501776823846
