rot:
  max: 24.994339626399277
  mean: 18.748992569024605
  median: 18.479062084780484
  min: 12.025225447817347
  num_samples: 1113
  rmse: 19.121386128654333
  std: 3.7553541947138
scale:
  max: 13.320986041727156
  mean: 1.7699240846705786
  median: 1.502205497240361
  min: 0.004623546414328494
  num_samples: 1113
  rmse: 2.4290939773482796
  std: 1.6636905617610194
trans:
  max: 0.17088680896452244
  mean: 0.027643862909873747
  median: 0.023891147479767224
  min: 0.005100896652042744
  num_samples: 1113
  rmse: 0.032662130070806115
  std: 0.017396309498924283
