rot:
  max: 167.40587129625564
  mean: 163.90561840563257
  median: 163.5126900790436
  min: 160.0374476602831
  num_samples: 54
  rmse: 163.91303759060872
  std: 1.5595343046731087
scale:
  max: 0.25022068178113255
  mean: 0.08321547390398629
  median: 0.07726253101109637
  min: 0.0004706407946142299
  num_samples: 54
  rmse: 0.10414177362854823
  std: 0.06261544471961179
trans:
  max: 0.008903173200821953
  mean: 0.0032721966417446928
  median: 0.0029600713193849047
  min: 3.9356436985054635e-05
  num_samples: 54
  rmse: 0.0038281445548018125
  std: 0.0019868114833102627
