%YAML:1.0

#--------------------------------------------------------------------------------------------
# System config
#--------------------------------------------------------------------------------------------

# When the variables are commented, the system doesn't load a previous session or not store the current one

# If the LoadFile doesn't exist, the system give a message and create a new Atlas from scratch
# System.LoadAtlasFromFile: "MapEuRoCMH_StereoImu"

# The store file is created from the current session, if a file with the same name exists it is deleted
# System.SaveAtlasToFile: "MapEuRoCMH_StereoImu"

#--------------------------------------------------------------------------------------------
# Camera Parameters. Adjust them!
#--------------------------------------------------------------------------------------------
File.version: "1.0"

Camera.type: "PinHole"

# Camera calibration and distortion parameters (OpenCV) 
Camera1.fx: 616.3746405
Camera1.fy: 616.3083370
Camera1.cx: 478.8608184
Camera1.cy: 265.8571394

Camera1.k1: 0.38191912436919523
Camera1.k2: 0.3252025786470768
Camera1.p1: -0.0032067273497221943
Camera1.p2: 0.000259878590498317


Camera2.fx: 615.0044105
Camera2.fy: 615.4391090
Camera2.cx: 487.0825978
Camera2.cy: 271.2681002

Camera2.k1: 0.35850435248047785
Camera2.k2: 0.30661314823773217
Camera2.p1: 0.003077141272488541
Camera2.p2: 0.009039365665556166

Camera.width: 960
Camera.height: 540

# Camera frames per second 
Camera.fps: 30

# Color order of the images (0: BGR, 1: RGB. It is ignored if images are grayscale)
Camera.RGB: 1

# Close/Far threshold. Baseline times.
Stereo.ThDepth: 60.0
Stereo.T_c1_c2: !!opencv-matrix
  rows: 4
  cols: 4
  dt: f
  data: [0.9999188952794092, 0.01077207068077733, -0.006794509286581064, -0.09418279939371672,
        -0.010634795940926403, 0.999744889951887, 0.019926267346781802, 0.0017114751924670497,
        0.00700742309925369, -0.01985239301265479, 0.9997783646954811, -0.002348669631079796,
        0.0, 0.0, 0.0, 1.0]

# Transformation from camera 0 to body-frame (imu)
IMU.T_b_c1: !!opencv-matrix
  rows: 4
  cols: 4
  dt: f
  data: [0., 1., 0., 0.,
         1., 0., 0., 0.,
         0., 0., -1., 0.,
         0., 0., 0., 1.] 

# IMU noise
IMU.NoiseGyro: 0.00075175083
IMU.NoiseAcc: 0.00629031243
IMU.GyroWalk: 0.00043257797
IMU.AccWalk: 0.00190928453
IMU.Frequency: 200.0

#--------------------------------------------------------------------------------------------
# ORB Parameters
#--------------------------------------------------------------------------------------------

# ORB Extractor: Number of features per image
ORBextractor.nFeatures: 1200

# ORB Extractor: Scale factor between levels in the scale pyramid 	
ORBextractor.scaleFactor: 1.2

# ORB Extractor: Number of levels in the scale pyramid	
ORBextractor.nLevels: 8

# ORB Extractor: Fast threshold
# Image is divided in a grid. At each cell FAST are extracted imposing a minimum response.
# Firstly we impose iniThFAST. If no corners are detected we impose a lower value minThFAST
# You can lower these values if your images have low contrast			
ORBextractor.iniThFAST: 20
ORBextractor.minThFAST: 7

#--------------------------------------------------------------------------------------------
# Viewer Parameters
#--------------------------------------------------------------------------------------------
Viewer.KeyFrameSize: 0.05
Viewer.KeyFrameLineWidth: 1.0
Viewer.GraphLineWidth: 0.9
Viewer.PointSize: 2.0
Viewer.CameraSize: 0.08
Viewer.CameraLineWidth: 3.0
Viewer.ViewpointX: 0.0
Viewer.ViewpointY: -1.7
Viewer.ViewpointZ: 0.8
Viewer.ViewpointF: -500.0
Viewer.imageViewScale: 1.0

