rot:
  max: 26.44450547357378
  mean: 20.405204426691263
  median: 20.356772008383917
  min: 14.497210652344048
  num_samples: 1199
  rmse: 20.64496390981885
  std: 3.1372228391782935
scale:
  max: 2.4083169502832513
  mean: 0.5616669197934977
  median: 0.38155305919128635
  min: 0.00021940528563968442
  num_samples: 1199
  rmse: 0.7662510095989613
  std: 0.5212205683979789
trans:
  max: 0.06225702730702903
  mean: 0.021171913874362916
  median: 0.016194902932365987
  min: 0.005757282696606323
  num_samples: 1199
  rmse: 0.02489766516503744
  std: 0.013101289767304524
