rot:
  max: 179.0332630685587
  mean: 176.02009051867412
  median: 175.98783720482254
  min: 173.89686915966556
  num_samples: 1030
  rmse: 176.0220603849418
  std: 0.8327520386441861
scale:
  max: 3.0795225342069132
  mean: 0.2956991877407894
  median: 0.27450276424569875
  min: 0.000537408876999379
  num_samples: 1030
  rmse: 0.3619287493063389
  std: 0.2086969332402566
trans:
  max: 0.0981119243046109
  mean: 0.017508130461024802
  median: 0.016659556855537966
  min: 0.009890338452028361
  num_samples: 1030
  rmse: 0.018216058261485205
  std: 0.005028930934657866
