%YAML:1.0
cameras:
     - {T_SC:
        [0.00893882615463667, 0.9998818394092135, -0.012506182735929808, 0.003367236070342833,
          0.9999483305841648, -0.008877477268672418, 0.004952429634616613, -0.04112774642642631,
          0.004840821099649079, -0.012549805456320423, -0.9999095303246637, -0.06508072673558303,
          0.0, 0.0, 0.0, 1.0],
        image_dimension: [960, 540],
        distortion_coefficients: [0.38191912436919523, 0.3252025786470768, -0.0032067273497221943, 0.0002598785904983175],
        distortion_type: radialtangential,
        focal_length: [616.3746405, 616.3083370],
        principal_point: [478.8608184, 265.8571394]}

camera_params:
    camera_rate: 30 # just to manage the expectations of when there should be frames arriving
    sigma_absolute_translation: 0.0 # The standard deviation of the camera extrinsics translation, e.g. 1.0e-10 for online-calib [m].
    sigma_absolute_orientation: 0.0 # The standard deviation of the camera extrinsics orientation, e.g. 1.0e-3 for online-calib [rad].
    sigma_c_relative_translation: 0.0 # The std. dev. of the cam. extr. transl. change between frames, e.g. 1.0e-6 for adaptive online calib (not less for numerics) [m].
    sigma_c_relative_orientation: 0.0 # The std. dev. of the cam. extr. orient. change between frames, e.g. 1.0e-6 for adaptive online calib (not less for numerics) [rad].
    timestamp_tolerance: 0.005 # [s] stereo frame out-of-sync tolerance

imu_params:
    a_max: 176.0 # acceleration saturation [m/s^2]
    g_max: 7.8 # gyro saturation [rad/s]
    sigma_g_c: 0.00075175083 # gyro noise density [rad/s/sqrt(Hz)]
    sigma_a_c: 0.00629031243 # accelerometer noise density [m/s^2/sqrt(Hz)]
    sigma_bg: 0.03 # gyro bias prior [rad/s]
    sigma_ba: 0.1 # accelerometer bias prior [m/s^2]
    sigma_gw_c: 0.00043257797 # gyro drift noise density [rad/s^s/sqrt(Hz)]
    sigma_aw_c: 0.00190928453 # accelerometer drift noise density [m/s^2/sqrt(Hz)]
    tau: 3600.0 # reversion time constant, currently not in use [s]
    g: 9.81007 # Earth's acceleration due to gravity [m/s^2]
    a0: [ 0.0, 0.0, 0.0 ] # Accelerometer bias [m/s^2]
    imu_rate: 200
    # tranform Body-Sensor (IMU)
    T_BS:
        [1.0000, 0.0000, 0.0000, 0.0000,
         0.0000, 1.0000, 0.0000, 0.0000,
         0.0000, 0.0000, 1.0000, 0.0000,
         0.0000, 0.0000, 0.0000, 1.0000]

# Estimator parameters
numKeyframes: 5 # number of keyframes in optimisation window
numImuFrames: 3 # number of frames linked by most recent nonlinear IMU error terms

# ceres optimization options
ceres_options:
    minIterations: 3   # minimum number of iterations always performed
    maxIterations: 10  # never do more than these, even if not converged
    timeLimit: 0.035   # [s] negative values will set the an unlimited time limit

# detection
detection_options:
    threshold: 20.0      # detection threshold. By default the uniformity radius in pixels
    octaves: 1           # number of octaves for detection. 0 means single-scale at highest resolution
    maxNoKeypoints: 400  # restrict to a maximum of this many keypoints per image (strongest ones)

# delay of images [s]:
imageDelay: 0.0  # in case you are using a custom setup, you will have to calibrate this. 0 for the VISensor.

# display debug images?
displayImages: false  # displays debug video and keyframe matches. May be slow.
publishDebugImages: false # publish debug image to topic ~debug_image_x

# use direct driver
useDriver: false

# some options for how and what to publish -- optional in ROS-free version
publishing_options:
    publish_rate: 20                  # rate at which odometry updates are published only works properly if imu_rate/publish_rate is an integer!!
    publishLandmarks: true             # select, if you want to publish landmarks at all
    landmarkQualityThreshold: 1.0e-2   # landmark with lower quality will not be published
    maximumLandmarkQuality: 0.05       # landmark with higher quality will be published with the maximum colour intensity
    maxPathLength: 20                  # maximum length of the published path
    publishImuPropagatedState: true    # Should the state that is propagated with IMU messages be published? Or just the optimized ones?
    # provide custom World frame Wc
    T_Wc_W:
        [1.0000, 0.0000, 0.0000, 0.0000,
         0.0000, 1.0000, 0.0000, 0.0000,
         0.0000, 0.0000, 1.0000, 0.0000,
         0.0000, 0.0000, 0.0000, 1.0000]
    trackedBodyFrame: B                # B or S, the frame of reference that will be expressed relative to the selected worldFrame
    velocitiesFrame: Wc                # Wc, B or S,  the frames in which the velocities of the selected trackedBodyFrame will be expressed in

#Sharmin
isSonarUsed: false
isDepthUsed: false
isRelocalization: true
histogramMethod: "NONE" # NONE, HISTOGRAM, CLAHE
claheClipLimit: 2.0
claheTilesGridSize: 4
resizeFactor: 0.5  # by default 1.0. set this value if you want to resize the original image by this factor. You DO NOT need to change camera/projection matrix, those will be updated accordingly. 


loop_closure_params:
    enable: 1  
    min_correspondences: 20 #decrease for more loop closure, might result in false loop closure (20 to 40)
    pnp_reprojection_threshold: 25.0     #increase for more loop closure, might result in false loop closure (8 to 30)
    pnp_ransac_iterations: 100
    keyframe_queue: -1 #Use 1 for real-time on robot. Something around 5-10 could be ideal. -1 not to skip keyframes at all.
    max_yaw_diff: 30.0 #Max yaw difference between keyframe and query frame (degrees)
    max_position_diff: 6.0 #Max position difference between keyframe and query frame (meters)
    
health:
    enable: 0
    min_keypoints: 15
    consecutive_keyframes: 3
    keyframe_wait_time: 2.0
    kps_per_quadrant: 1

global_map_params:
    enable: 0
    min_landmark_quality: 0.01

debug:
    enable: 0
    # Relative to pose_graph package
    output_dir: debug_output