rot:
  max: 178.07832893292638
  mean: 176.64611359030596
  median: 176.64611359030596
  min: 175.2138982476855
  num_samples: 2
  rmse: 176.6519195688145
  std: 1.4322153426204378
scale:
  max: 0.0
  mean: 0.0
  median: 0.0
  min: 0.0
  num_samples: 2
  rmse: 0.0
  std: 0.0
trans:
  max: 1.3877787807814457e-17
  mean: 1.3877787807814457e-17
  median: 1.3877787807814457e-17
  min: 1.3877787807814457e-17
  num_samples: 2
  rmse: 1.3877787807814457e-17
  std: 0.0
