rot:
  max: 9.84682095812004
  mean: 6.042545521107631
  median: 6.069183858406105
  min: 3.1778395164619297
  num_samples: 1162
  rmse: 6.098102452840348
  std: 0.8212777548914634
scale:
  max: 0.664011992982938
  mean: 0.18498546852027198
  median: 0.14023843478693232
  min: 9.211417562049462e-06
  num_samples: 1162
  rmse: 0.24060934047418883
  std: 0.15386107746847347
trans:
  max: 0.029950802877260645
  mean: 0.013084530074213516
  median: 0.011116212104205905
  min: 0.0030669675989457713
  num_samples: 1162
  rmse: 0.014927847622310631
  std: 0.007185799007203526
