rot:
  max: 9.829753432843631
  mean: 6.042661448946454
  median: 6.0792479492141
  min: 3.1773133133531055
  num_samples: 1170
  rmse: 6.098484342166795
  std: 0.8232580914087094
scale:
  max: 0.6646221111334283
  mean: 0.18360500419148654
  median: 0.13911067266202393
  min: 4.099514894218004e-05
  num_samples: 1170
  rmse: 0.2394622385044006
  std: 0.153724969036857
trans:
  max: 0.02968161363923027
  mean: 0.013102974401042744
  median: 0.011108905508622745
  min: 0.003056104476282335
  num_samples: 1170
  rmse: 0.014938871536293473
  std: 0.007175091959236325
