rot:
  max: 9.831501949544199
  mean: 6.042862440456186
  median: 6.079477391706222
  min: 3.1780828114088084
  num_samples: 1170
  rmse: 6.098758040810804
  std: 0.8238101517208586
scale:
  max: 0.6646646353839714
  mean: 0.18355633885553185
  median: 0.13950669942608407
  min: 6.160101024832443e-05
  num_samples: 1170
  rmse: 0.23940453530869896
  std: 0.15369320737211273
trans:
  max: 0.029680471910706167
  mean: 0.013103697132953273
  median: 0.011108272319493528
  min: 0.0030543512993838114
  num_samples: 1170
  rmse: 0.014939074089026195
  std: 0.007174193758551965
