rot:
  max: 8.727746922899803
  mean: 5.9654126893832435
  median: 6.175824780318906
  min: 3.3342944078646615
  num_samples: 1199
  rmse: 6.1216665919368065
  std: 1.3742828341286073
scale:
  max: 4.397207801062697
  mean: 1.866786153488151
  median: 1.7466079772397336
  min: 0.025716588542301633
  num_samples: 1199
  rmse: 2.1179997391250502
  std: 1.000516042889215
trans:
  max: 0.0855945322231329
  mean: 0.0344082877165771
  median: 0.02451957224042917
  min: 0.010545467534900441
  num_samples: 1199
  rmse: 0.03980106882372711
  std: 0.020004869805232722
