rot:
  max: 11.648636219101537
  mean: 7.349243078464028
  median: 8.254536824814572
  min: 0.43663041808763114
  num_samples: 1155
  rmse: 8.090363273426561
  std: 3.3826918378205715
scale:
  max: 4.452710372721014
  mean: 0.7062020101334987
  median: 0.46817396434670755
  min: 0.0015392097338362554
  num_samples: 1155
  rmse: 0.96889017599427
  std: 0.6633452298928614
trans:
  max: 0.1190968719763478
  mean: 0.015156109825584255
  median: 0.012709086291527298
  min: 0.005646927406769383
  num_samples: 1155
  rmse: 0.01691389612447377
  std: 0.00750814338330837
